0000000000000000000000000000000000000001
0000000001111000000000001110100000000001
0000000000000000000000000000000000000001
0000000010110000000000001110100000000001
0000000000000000000000000000000000000001
0000000000000000000000001110100000000001
0000000000000000000000000000000000000001
0000000000001000000000001110100000000001
0000000000000000000000000000000000000001
0000000000010000000000001110100000000001
0000000000000000000000000000000000000001
0000000000011000000000001110100000000001
0000000000111001000111110010000000000001
0000000000101001000010000010001000000001
0000000000000010000000011010000000000001
1111111111100001000110000010001000000001
0000000000000010000000001010000000000001
0000000000110000000000001110101000000001
0000000001000000000000001111001000000001
0000000000110000000000001100000000000001
0000000000000000000000000000000000000001
1111111111110000000000010010000100000001
0000000000000000000000001010000100000001
1111111111100001000010000010001001000001
0000000001001000000000001110001000000001
0000000001000000000000001100000000000001
0000000001001111111111110010000000000001
1111111111100001000010000010001000000001
0000000001010000000000001110001000000001
0000000001010010000000100010000000000001
0000000000100000000000001110001000000001
0000000000010010000000110010000000000001
0000000001100000000000001110001000000001
0000000000000000000000000000000000000001
0000000000011010000001000010000000000001
0000000001101000000000001110001000000001
0000000000000000000000000000000000000001
0000000010010010000001010010000000000001
0000000010000010000001010011010000000001
0000000001110001000010000010001001000001
0000000001111001000010000010001000000001
0000000010001000000000001110001000000001
0000000000000000000000000000000000000001
0000000010011000000000001111001000000001
0000000011001010000001100010000000000001
0000000010111010000001100011010000000001
0000000010101001000010000010001001000001
0000000010110001000010000010001000000001
0000000011000000000000001110001000000001
0000000000000000000000000000000000000001
0000000011010000000000001111001000000001
0000000000100010000001110010000000000001
0000000011100000000000001110001000000001
0000000000000000000000000000000000000001
0000000000100010000010000010000000000001
0000000011101000000000001110001000000001
0000000000000000000000000000000000000001
0000000010001010000010010010000000000001
0000000011110000000000001110001000000001
0000000000000000000000000000000000000001
0000000011000010000010100010000000000001
0000000011111000000000001110001000000001
0000000000000000000000000000000000000001
0000000011110010000010110010000000000001
0000000001100010000011000010001000000001
0000000011100010000011010010001000000001
0000000100000000000000001110001000000001
0000000011111010000010110010000000000001
0000000001101010000011000010001000000001
0000000011101010000011010010001000000001
0000000100001000000000001110001000000001
0000000100000010000011100010000000000001
0000000100100000000000001110001000000001
0000000000000000000000000000000000000001
0000000100001010000011110010000000000001
0000000100111000000000001110001000000001
0000000000000000000000000000000000000001
0000000101001010000100110010000000000001
0000000101000010000101000010001000000001
0000000100100010000100000010001000000001
0000000100011010000100010010001000000001
0000000100010010000100100010001000000001
0000000101010000000000001110001000000001
0000000101100010000100110010000000000001
0000000101011010000101000010001000000001
0000000100111010000100000010001000000001
0000000100110010000100010010001000000001
0000000100101010000100100010001000000001
0000000101101000000000001110001000000001
0000000101101010000101010010000000000001
0000000000000000000000000000000000000001
0000000110010000000000001110001000000001
0000000110100010000110000010000000000001
0000000110011010000110100010001000000001
0000000110010010000101100010001000000001
0000000110001010000101110010001000000001
0000000110000010000110010010001000000001
0000000000000000000000000000000000000001
0000000110101000000000001110001000000001
0000000110111010000111010010000000000001
0000000110110010000111110010001000000001
0000000110101010000110110010001000000001
0000000110100010000111000010001000000001
0000000110011010000111100010001000000001
0000000000000000000000000000000000000001
0000000111000000000000001110001000000001
0000000101110000000000001110001000000001
0000000101101001000010000010000000000001
0000000000000000000000000000000000000001
0000000111011000000000001110001000000001
0000000111101010001000100010000000000001
0000000111100010001001000010001000000001
0000000111011010001000000010001000000001
0000000111010010001000010010001000000001
0000000111001010001000110010001000000001
0000000000000000000000000000000000000001
0000000111110000000000001110001000000001
0000001000000010001001110010000000000001
0000000111111010001010010010001000000001
0000000111110010001001010010001000000001
0000000111101010001001100010001000000001
0000000111100010001010000010001000000001
0000000000000000000000000000000000000001
0000001000001000000000001110001000000001
0000000101111000000000001110001000000001
0000000101010010001010100010000000000001
0000000000000000000000000000000000000001
0000001000110000000000001110001000000001
0000001001011010001011010010000000000001
0000001001010010001011110010001000000001
0000001001000010001011010011010000000001
0000001000111010001011110010001000000001
0000001000110010001010110010001000000001
0000001000101010001011000010001000000001
0000001000100010001011100010001000000001
0000000000000000000000000000000000000001
0000001001001000000000001110001000000001
0000001001100000000000001111001000000001
0000001010001010001100100010000000000001
0000001010000010001101000010001000000001
0000001001110010001100100011010000000001
0000001001101010001101000010001000000001
0000001001001010001100000010001000000001
0000001001000010001100010010001000000001
0000001000111010001100110010001000000001
0000000000000000000000000000000000000001
0000001001111000000000001110001000000001
0000001000010000000000001110001000000001
0000001010010000000000001111001000000001
0000000101010001000010000010000000000001
0000000000000000000000000000000000000001
0000001010101000000000001110001000000001
0000001011010010001101110010000000000001
0000001011001010001110010010001000000001
0000001010111010001101110011010000000001
0000001010110010001110010010001000000001
0000001010101010001101010010001000000001
0000001010100010001101100010001000000001
0000001010011010001110000010001000000001
0000000000000000000000000000000000000001
0000001011000000000000001110001000000001
0000001011011000000000001111001000000001
0000001100000010001111000010000000000001
0000001011111010001111100010001000000001
0000001011101010001111000011010000000001
0000001011100010001111100010001000000001
0000001011000010001110100010001000000001
0000001010111010001110110010001000000001
0000001010110010001111010010001000000001
0000000000000000000000000000000000000001
0000001011110000000000001110001000000001
0000001000011000000000001110001000000001
0000001100001000000000001111001000000001
1111111111110010011001000010000000000001
0000001101100000000000001110001000000001
0000001101100001000010010010000000000001
0000001101100000000000001110001000000001
0000001101100000000000001100000000000001
0000001000011111111111110010000000000001
0000000101111111111111110010001000000001
0000001101101000000000001110001000000001
0000001101101000000000001100000000000001
0000001101101111111111110010000000000001
0000000000000000000000000000000000000001
0000001110001000000000001110001000000001
0000001110010000000000001111001000000001
0000001100110001000010000010000000000001
0000001100110010011000010010001001000001
0000001110010010011000010010001000000001
0000001100100001000010000011010000000001
0000001100100010011000010010001001000001
0000001110001010011000011000001000000001
0000001110001010011000010010001000000001
0000000000000000000000000000000000000001
0000001100101000000000001110001000000001
0000001100111000000000001111001000000001
0000001110011000000000001111011000000001
0000001100101001000011000010000000000001
0000001110110000000000001111001000000001
0000001101010001000010000010000000001001
0000001101011000000000001110001000000001
0000001110110001000010000010000000000001
0000001101000001000010000010000000000001
1111111111110010011000110010001001100111
0000001101001000000000001110001000000001
0000001110011001000010000010001001001001
0000001110011001000010000010000000000001
0000001101001000000000001110001000100111
1111111111110010011000100010000000000001
0000001101011000000000001110001000100111
0000000000000000000000000000000000000001
0000001101011001000010000010000000001001
1111111111111001000010000010001001000001
0000001101011000000000001110001000100110
0000001101001001000110100010000000000001
0000000000000000000000000000000000000001
0000001110100000000000001110001000000001
0000001110101000000000001111001000000001
0000001110100000000000001100000000000001
0000000000000000000000000000000000000001
0000000000000010010000001010000100000001
1111111111100001000010000010000000000001
0000000000000010001111111010000100000001
1111111111100001000010000010001001000001
0000001101110000000000001110001000000001
0000001110101000000000001100000000000001
0000001101110111111111110010000000000001
1111111111100001000010000010001000000001
0000001110000000000000001110001000000001
0000001110000000000000001100000000000001
0000001101100001000001110010000000000001
0000001101100000000000001110001000000001
0000001101100111111111110010000000000001
0000001110000000000000001110001000000001
0000001110000000000000001100000000000001
0000001000011111111111110010000000000001
0000001100010000000000001110001000000001
0000000101111111111111110010000000000001
0000001100011000000000001110001000000001
0000001100010010011001100010000000000001
0000010010110000000000001110001000000001
0000001100011010011001110010000000000001
0000010011101000000000001110001000000001
0000001111101010011010000010000000000001
0000001111011001000010000010001000000001
0000001111100000000000001110001000000001
0000001111100001000010000010000001000001
0000001000010001000010000010001000000001
0000001110111000000000001100000000000001
0000001111101111111111110010001001000001
0000001111001000000000001110001000000001
0000001111001010011010000010000000000001
0000001111101001000010000010001000000001
0000001111110000000000001110001000000001
0000010000001010011010000010000000000001
0000001111111001000010000010001000000001
0000010000000000000000001110001000000001
0000010000000001000010000010000001000001
0000000101110001000010000010001000000001
0000001110111000000000001100000000000001
0000010000001111111111110010001001000001
0000001111010000000000001110001000000001
0000001111010010011010000010000000000001
0000010000001001000010000010001000000001
0000010000010000000000001110001000000001
0000001111110001000010000010001000000001
0000010000101000000000001110001000000001
0000010000111010011011000010000000000001
0000010000110010011011010010001000000001
0000010000101010011010010010001000000001
0000010000100010011010100010001000000001
0000010000011010011010110010001000000001
0000010001000000000000001110001000000001
0000010001000000000000001100000000000001
0000010001000111111111110010000000000001
0000000000000000000000000000000000000001
0000010001110000000000001110001000000001
0000010001111000000000001111001000000001
0000010001011001000010000010000000000001
0000010001011010011011100010001001000001
0000010001111010011011100010001000000001
0000010001001001000010000011010000000001
0000010001001010011011100010001001000001
0000010001110010011011100010001000000001
0000000000000000000000000000000000000001
0000010001010000000000001110001000000001
0000010001100000000000001111001000000001
1111111111110010011100000100000000000001
0000010001010010011011110010010000000001
1111111111110001000010000010001001001001
0000010001010010011011110010010000000001
1111111111110001000010000010000000100101
0000001111000000000000001110001000000001
0000001111001010011100010010000000000001
0000001000010010011100100010001000000001
0000010010011000000000001110001000000001
0000001111010010011100010010000000000001
0000000101110010011100100010001000000001
0000010010100000000000001110001000000001
0000010011001010011100110010000000000001
0000010010111010011100110011010000000001
0000010010101001000010000010001001000001
0000010010110001000010000010001000000001
0000010011000000000000001110001000000001
0000000000000000000000000000000000000001
0000010011010000000000001111001000000001
0000010100000010011101000010000000000001
0000010011110010011101000011010000000001
0000010011100001000010000010001001000001
0000010011101001000010000010001000000001
0000010011111000000000001110001000000001
0000000000000000000000000000000000000001
0000010100001000000000001111001000000001
0000010011000001000010000010000000000001
1111111110000000000000000000001000000001
0000010011111001000010000010000000000001
1111111101110000000000000000001000000001
1111111111110010100110100010000000000001
0000010101101000000000001110001000000001
0000010101101001000010010010000000000001
0000010101101000000000001110001000000001
0000010101101000000000001100000000000001
0000010010011111111111110010000000000001
0000010010100111111111110010001000000001
0000010101110000000000001110001000000001
0000010101110000000000001100000000000001
0000010101110111111111110010000000000001
0000000000000000000000000000000000000001
0000010110010000000000001110001000000001
0000010110011000000000001111001000000001
0000010100111001000010000010000000000001
0000010100111010100101110010001001000001
0000010110011010100101110010001000000001
0000010100101001000010000011010000000001
0000010100101010100101110010001001000001
0000010110010010100101111000001000000001
0000010110010010100101110010001000000001
0000000000000000000000000000000000000001
0000010100110000000000001110001000000001
0000010101000000000000001111001000000001
0000010110100000000000001111011000000001
0000010100110001000011000010000000000001
0000010110111000000000001111001000000001
0000010101011001000010000010000000001001
0000010101100000000000001110001000000001
0000010110111001000010000010000000000001
0000010101001001000010000010000000000001
1111111111110010100110010010001001100111
0000010101010000000000001110001000000001
0000010110100001000010000010001001001001
0000010110100001000010000010000000000001
0000010101010000000000001110001000100111
1111111111110010100110000010000000000001
0000010101100000000000001110001000100111
0000000000000000000000000000000000000001
0000010101100001000010000010000000001001
1111111111111001000010000010001001000001
0000010101100000000000001110001000100110
0000010101010001000110100010000000000001
0000000000000000000000000000000000000001
0000010110101000000000001110001000000001
0000010110110000000000001111001000000001
0000010110101000000000001100000000000001
0000000000000000000000000000000000000001
0000000000000010011101101010000100000001
1111111111100001000010000010000000000001
0000000000000010011101011010000100000001
1111111111100001000010000010001001000001
0000010101111000000000001110001000000001
0000010110110000000000001100000000000001
0000010101111111111111110010000000000001
1111111111100001000010000010001000000001
0000010110001000000000001110001000000001
0000010110001000000000001100000000000001
0000010101101001000001110010000000000001
0000010101101000000000001110001000000001
0000010101101111111111110010000000000001
0000010110001000000000001110001000000001
0000010110001000000000001100000000000001
0000010010011111111111110010000000000001
0000010100011000000000001110001000000001
0000010010100111111111110010000000000001
0000010100100000000000001110001000000001
0000010100011010100111000010000000000001
0000010111001000000000001110001000000001
0000010100100010100111010010000000000001
0000011000000000000000001110001000000001
0000010111100010100111100010000000000001
0000010111010010100111100011010000000001
0000010111000001000010000010001001000001
0000010111001001000010000010001000000001
0000010111011000000000001110001000000001
0000000000000000000000000000000000000001
0000010111101000000000001111001000000001
0000011000011010100111110010000000000001
0000011000001010100111110011010000000001
0000010111111001000010000010001001000001
0000011000000001000010000010001000000001
0000011000010000000000001110001000000001
0000000000000000000000000000000000000001
0000011000100000000000001111001000000001
0000010111011001000010000010000000000001
1111111101111000000000000000001000000001
0000011000010001000010000010000000000001
1111111101101000000000000000001000000001
0000000000000000000000000000000000000001
0000000000000000000000000000000000000001
0000000000000000000000000000000000000001
0000000000000000000000000000000000000001
0000000000000000000000000000000000000001
0000000000000000000000000000000000000001
0000000000000000000000000000000000000001
0000000000000000000000000000000000000001
0000000000000000000000000000000000000001
0000000000000000000000000000000000000001
0000000000000000000000000000000000000001
0000000000000000000000000000000000000001
0000000000000000000000000000000000000001
0000000000000000000000000000000000000001
0000000000000000000000000000000000000001
0000000000000000000000000000000000000001
0000000000000000000000000000000000000001
0000000000000000000000000000000000000001
0000000000000000000000000000000000000001
0000000000000000000000000000000000000001
0000000000000000000000000000000000000001
0000000000000000000000000000000000000001
0000000000000000000000000000000000000001
0000000000000000000000000000000000000001
0000000000000000000000000000000000000001
0000000000000000000000000000000000000001
0000000000000000000000000000000000000001
0000000000000000000000000000000000000001
0000000000000000000000000000000000000001
0000000000000000000000000000000000000001
0000000000000000000000000000000000000001
0000000000000000000000000000000000000001
0000000000000000000000000000000000000001
0000000000000000000000000000000000000001
0000000000000000000000000000000000000001
0000000000000000000000000000000000000001
0000000000000000000000000000000000000001
0000000000000000000000000000000000000001
0000000000000000000000000000000000000001
0000000000000000000000000000000000000001
0000000000000000000000000000000000000001
0000000000000000000000000000000000000001
0000000000000000000000000000000000000001
0000000000000000000000000000000000000001
0000000000000000000000000000000000000001
0000000000000000000000000000000000000001
0000000000000000000000000000000000000001
0000000000000000000000000000000000000001
0000000000000000000000000000000000000001
0000000000000000000000000000000000000001
0000000000000000000000000000000000000001
0000000000000000000000000000000000000001
0000000000000000000000000000000000000001
0000000000000000000000000000000000000001
0000000000000000000000000000000000000001
0000000000000000000000000000000000000001
0000000000000000000000000000000000000001
0000000000000000000000000000000000000001
0000000000000000000000000000000000000001
0000000000000000000000000000000000000001
0000000000000000000000000000000000000001
0000000000000000000000000000000000000001
0000000000000000000000000000000000000001
0000000000000000000000000000000000000001
0000000000000000000000000000000000000001
0000000000000000000000000000000000000001
0000000000000000000000000000000000000001
0000000000000000000000000000000000000001
0000000000000000000000000000000000000001
0000000000000000000000000000000000000001
0000000000000000000000000000000000000001
0000000000000000000000000000000000000001
0000000000000000000000000000000000000001
0000000000000000000000000000000000000001
0000000000000000000000000000000000000001
0000000000000000000000000000000000000001
0000000000000000000000000000000000000001
0000000000000000000000000000000000000001
0000000000000000000000000000000000000001
0000000000000000000000000000000000000001
0000000000000000000000000000000000000001
0000000000000000000000000000000000000001
0000000000000000000000000000000000000001
0000000000000000000000000000000000000001
0000000000000000000000000000000000000001
0000000000000000000000000000000000000001
0000000000000000000000000000000000000001
0000000000000000000000000000000000000001
0000000000000000000000000000000000000001
0000000000000000000000000000000000000001
0000000000000000000000000000000000000001
0000000000000000000000000000000000000001
0000000000000000000000000000000000000001
0000000000000000000000000000000000000001
0000000000000000000000000000000000000001
0000000000000000000000000000000000000001
0000000000000000000000000000000000000001
0000000000000000000000000000000000000001
0000000000000000000000000000000000000001
0000000000000000000000000000000000000001
0000000000000000000000000000000000000001
0000000000000000000000000000000000000001
0000000000000000000000000000000000000001
0000000000000000000000000000000000000001
0000000000000000000000000000000000000001
0000000000000000000000000000000000000001
0000000000000000000000000000000000000001
0000000000000000000000000000000000000001
0000000000000000000000000000000000000001
0000000000000000000000000000000000000001
0000000000000000000000000000000000000001
0000000000000000000000000000000000000001
0000000000000000000000000000000000000001
0000000000000000000000000000000000000001
0000000000000000000000000000000000000001
0000000000000000000000000000000000000001
0000000000000000000000000000000000000001
0000000000000000000000000000000000000001
0000000000000000000000000000000000000001
0000000000000000000000000000000000000001
0000000000000000000000000000000000000001
0000000000000000000000000000000000000001
0000000000000000000000000000000000000001
0000000000000000000000000000000000000001
0000000000000000000000000000000000000001
0000000000000000000000000000000000000001
0000000000000000000000000000000000000001
0000000000000000000000000000000000000001
0000000000000000000000000000000000000001
0000000000000000000000000000000000000001
0000000000000000000000000000000000000001
0000000000000000000000000000000000000001
0000000000000000000000000000000000000001
0000000000000000000000000000000000000001
0000000000000000000000000000000000000001
0000000000000000000000000000000000000001
0000000000000000000000000000000000000001
0000000000000000000000000000000000000001
0000000000000000000000000000000000000001
0000000000000000000000000000000000000001
0000000000000000000000000000000000000001
0000000000000000000000000000000000000001
0000000000000000000000000000000000000001
0000000000000000000000000000000000000001
0000000000000000000000000000000000000001
0000000000000000000000000000000000000001
0000000000000000000000000000000000000001
0000000000000000000000000000000000000001
0000000000000000000000000000000000000001
0000000000000000000000000000000000000001
0000000000000000000000000000000000000001
0000000000000000000000000000000000000001
0000000000000000000000000000000000000001
0000000000000000000000000000000000000001
0000000000000000000000000000000000000001
0000000000000000000000000000000000000001
0000000000000000000000000000000000000001
0000000000000000000000000000000000000001
0000000000000000000000000000000000000001
0000000000000000000000000000000000000001
0000000000000000000000000000000000000001
0000000000000000000000000000000000000001
0000000000000000000000000000000000000001
0000000000000000000000000000000000000001
0000000000000000000000000000000000000001
0000000000000000000000000000000000000001
0000000000000000000000000000000000000001
0000000000000000000000000000000000000001
0000000000000000000000000000000000000001
0000000000000000000000000000000000000001
0000000000000000000000000000000000000001
0000000000000000000000000000000000000001
0000000000000000000000000000000000000001
0000000000000000000000000000000000000001
0000000000000000000000000000000000000001
0000000000000000000000000000000000000001
0000000000000000000000000000000000000001
0000000000000000000000000000000000000001
0000000000000000000000000000000000000001
0000000000000000000000000000000000000001
0000000000000000000000000000000000000001
0000000000000000000000000000000000000001
0000000000000000000000000000000000000001
0000000000000000000000000000000000000001
0000000000000000000000000000000000000001
0000000000000000000000000000000000000001
0000000000000000000000000000000000000001
0000000000000000000000000000000000000001
0000000000000000000000000000000000000001
0000000000000000000000000000000000000001
0000000000000000000000000000000000000001
0000000000000000000000000000000000000001
0000000000000000000000000000000000000001
0000000000000000000000000000000000000001
0000000000000000000000000000000000000001
0000000000000000000000000000000000000001
0000000000000000000000000000000000000001
0000000000000000000000000000000000000001
0000000000000000000000000000000000000001
0000000000000000000000000000000000000001
0000000000000000000000000000000000000001
0000000000000000000000000000000000000001
0000000000000000000000000000000000000001
0000000000000000000000000000000000000001
0000000000000000000000000000000000000001
0000000000000000000000000000000000000001
0000000000000000000000000000000000000001
0000000000000000000000000000000000000001
0000000000000000000000000000000000000001
0000000000000000000000000000000000000001
0000000000000000000000000000000000000001
0000000000000000000000000000000000000001
0000000000000000000000000000000000000001
0000000000000000000000000000000000000001
0000000000000000000000000000000000000001
0000000000000000000000000000000000000001
0000000000000000000000000000000000000001
0000000000000000000000000000000000000001
0000000000000000000000000000000000000001
0000000000000000000000000000000000000001
0000000000000000000000000000000000000001
0000000000000000000000000000000000000001
0000000000000000000000000000000000000001
0000000000000000000000000000000000000001
0000000000000000000000000000000000000001
0000000000000000000000000000000000000001
0000000000000000000000000000000000000001
0000000000000000000000000000000000000001
0000000000000000000000000000000000000001
0000000000000000000000000000000000000001
0000000000000000000000000000000000000001
0000000000000000000000000000000000000001
0000000000000000000000000000000000000001
0000000000000000000000000000000000000001
0000000000000000000000000000000000000001
0000000000000000000000000000000000000001
0000000000000000000000000000000000000001
0000000000000000000000000000000000000001
0000000000000000000000000000000000000001
0000000000000000000000000000000000000001
0000000000000000000000000000000000000001
0000000000000000000000000000000000000001
0000000000000000000000000000000000000001
0000000000000000000000000000000000000001
0000000000000000000000000000000000000001
0000000000000000000000000000000000000001
0000000000000000000000000000000000000001
0000000000000000000000000000000000000001
0000000000000000000000000000000000000001
0000000000000000000000000000000000000001
0000000000000000000000000000000000000001
0000000000000000000000000000000000000001
0000000000000000000000000000000000000001
0000000000000000000000000000000000000001
0000000000000000000000000000000000000001
0000000000000000000000000000000000000001
0000000000000000000000000000000000000001
0000000000000000000000000000000000000001
0000000000000000000000000000000000000001
0000000000000000000000000000000000000001
0000000000000000000000000000000000000001
0000000000000000000000000000000000000001
0000000000000000000000000000000000000001
0000000000000000000000000000000000000001
0000000000000000000000000000000000000001
0000000000000000000000000000000000000001
0000000000000000000000000000000000000001
0000000000000000000000000000000000000001
0000000000000000000000000000000000000001
0000000000000000000000000000000000000001
0000000000000000000000000000000000000001
0000000000000000000000000000000000000001
0000000000000000000000000000000000000001
0000000000000000000000000000000000000001
0000000000000000000000000000000000000001
0000000000000000000000000000000000000001
0000000000000000000000000000000000000001
0000000000000000000000000000000000000001
0000000000000000000000000000000000000001
0000000000000000000000000000000000000001
0000000000000000000000000000000000000001
0000000000000000000000000000000000000001
0000000000000000000000000000000000000001
0000000000000000000000000000000000000001
0000000000000000000000000000000000000001
0000000000000000000000000000000000000001
0000000000000000000000000000000000000001
0000000000000000000000000000000000000001
0000000000000000000000000000000000000001
0000000000000000000000000000000000000001
0000000000000000000000000000000000000001
0000000000000000000000000000000000000001
0000000000000000000000000000000000000001
0000000000000000000000000000000000000001
0000000000000000000000000000000000000001
0000000000000000000000000000000000000001
0000000000000000000000000000000000000001
0000000000000000000000000000000000000001
0000000000000000000000000000000000000001
0000000000000000000000000000000000000001
0000000000000000000000000000000000000001
0000000000000000000000000000000000000001
0000000000000000000000000000000000000001
0000000000000000000000000000000000000001
0000000000000000000000000000000000000001
0000000000000000000000000000000000000001
0000000000000000000000000000000000000001
0000000000000000000000000000000000000001
0000000000000000000000000000000000000001
0000000000000000000000000000000000000001
0000000000000000000000000000000000000001
0000000000000000000000000000000000000001
0000000000000000000000000000000000000001
0000000000000000000000000000000000000001
0000000000000000000000000000000000000001
0000000000000000000000000000000000000001
0000000000000000000000000000000000000001
0000000000000000000000000000000000000001
0000000000000000000000000000000000000001
0000000000000000000000000000000000000001
0000000000000000000000000000000000000001
0000000000000000000000000000000000000001
0000000000000000000000000000000000000001
0000000000000000000000000000000000000001
0000000000000000000000000000000000000001
0000000000000000000000000000000000000001
0000000000000000000000000000000000000001
0000000000000000000000000000000000000001
0000000000000000000000000000000000000001
0000000000000000000000000000000000000001
0000000000000000000000000000000000000001
0000000000000000000000000000000000000001
0000000000000000000000000000000000000001
0000000000000000000000000000000000000001
0000000000000000000000000000000000000001
0000000000000000000000000000000000000001
0000000000000000000000000000000000000001
0000000000000000000000000000000000000001
0000000000000000000000000000000000000001
0000000000000000000000000000000000000001
0000000000000000000000000000000000000001
0000000000000000000000000000000000000001
0000000000000000000000000000000000000001
0000000000000000000000000000000000000001
0000000000000000000000000000000000000001
0000000000000000000000000000000000000001
0000000000000000000000000000000000000001
0000000000000000000000000000000000000001
0000000000000000000000000000000000000001
0000000000000000000000000000000000000001
0000000000000000000000000000000000000001
0000000000000000000000000000000000000001
0000000000000000000000000000000000000001
0000000000000000000000000000000000000001
0000000000000000000000000000000000000001
0000000000000000000000000000000000000001
0000000000000000000000000000000000000001
0000000000000000000000000000000000000001
0000000000000000000000000000000000000001
0000000000000000000000000000000000000001
0000000000000000000000000000000000000001
0000000000000000000000000000000000000001
0000000000000000000000000000000000000001
0000000000000000000000000000000000000001
0000000000000000000000000000000000000001
0000000000000000000000000000000000000001
0000000000000000000000000000000000000001
0000000000000000000000000000000000000001
0000000000000000000000000000000000000001
0000000000000000000000000000000000000001
0000000000000000000000000000000000000001
0000000000000000000000000000000000000001
0000000000000000000000000000000000000001
0000000000000000000000000000000000000001
0000000000000000000000000000000000000001
0000000000000000000000000000000000000001
0000000000000000000000000000000000000001
0000000000000000000000000000000000000001
0000000000000000000000000000000000000001
0000000000000000000000000000000000000001
0000000000000000000000000000000000000001
0000000000000000000000000000000000000001
0000000000000000000000000000000000000001
0000000000000000000000000000000000000001
0000000000000000000000000000000000000001
0000000000000000000000000000000000000001
0000000000000000000000000000000000000001
0000000000000000000000000000000000000001
0000000000000000000000000000000000000001
0000000000000000000000000000000000000001
0000000000000000000000000000000000000001
0000000000000000000000000000000000000001
0000000000000000000000000000000000000001
0000000000000000000000000000000000000001
0000000000000000000000000000000000000001
0000000000000000000000000000000000000001
0000000000000000000000000000000000000001
0000000000000000000000000000000000000001
0000000000000000000000000000000000000001
0000000000000000000000000000000000000001
0000000000000000000000000000000000000001
0000000000000000000000000000000000000001
0000000000000000000000000000000000000001
0000000000000000000000000000000000000001
0000000000000000000000000000000000000001
0000000000000000000000000000000000000001
0000000000000000000000000000000000000001
0000000000000000000000000000000000000001
0000000000000000000000000000000000000001
0000000000000000000000000000000000000001
0000000000000000000000000000000000000001
0000000000000000000000000000000000000001
0000000000000000000000000000000000000001
0000000000000000000000000000000000000001
0000000000000000000000000000000000000001
0000000000000000000000000000000000000001
0000000000000000000000000000000000000001
0000000000000000000000000000000000000001
0000000000000000000000000000000000000001
0000000000000000000000000000000000000001
0000000000000000000000000000000000000001
0000000000000000000000000000000000000001
0000000000000000000000000000000000000001
0000000000000000000000000000000000000001
0000000000000000000000000000000000000001
0000000000000000000000000000000000000001
0000000000000000000000000000000000000001
0000000000000000000000000000000000000001
0000000000000000000000000000000000000001
0000000000000000000000000000000000000001
0000000000000000000000000000000000000001
0000000000000000000000000000000000000001
0000000000000000000000000000000000000001
0000000000000000000000000000000000000001
0000000000000000000000000000000000000001
0000000000000000000000000000000000000001
0000000000000000000000000000000000000001
0000000000000000000000000000000000000001
0000000000000000000000000000000000000001
0000000000000000000000000000000000000001
0000000000000000000000000000000000000001
0000000000000000000000000000000000000001
0000000000000000000000000000000000000001
0000000000000000000000000000000000000001
0000000000000000000000000000000000000001
0000000000000000000000000000000000000001
0000000000000000000000000000000000000001
0000000000000000000000000000000000000001
0000000000000000000000000000000000000001
0000000000000000000000000000000000000001
0000000000000000000000000000000000000001
0000000000000000000000000000000000000001
0000000000000000000000000000000000000001
0000000000000000000000000000000000000001
0000000000000000000000000000000000000001
0000000000000000000000000000000000000001
0000000000000000000000000000000000000001
0000000000000000000000000000000000000001
0000000000000000000000000000000000000001
0000000000000000000000000000000000000001
0000000000000000000000000000000000000001
0000000000000000000000000000000000000001
0000000000000000000000000000000000000001
0000000000000000000000000000000000000001
0000000000000000000000000000000000000001
0000000000000000000000000000000000000001
0000000000000000000000000000000000000001
0000000000000000000000000000000000000001
0000000000000000000000000000000000000001
0000000000000000000000000000000000000001
0000000000000000000000000000000000000001
0000000000000000000000000000000000000001
0000000000000000000000000000000000000001
0000000000000000000000000000000000000001
0000000000000000000000000000000000000001
0000000000000000000000000000000000000001
0000000000000000000000000000000000000001
0000000000000000000000000000000000000001
0000000000000000000000000000000000000001
0000000000000000000000000000000000000001
0000000000000000000000000000000000000001
0000000000000000000000000000000000000001
0000000000000000000000000000000000000001
0000000000000000000000000000000000000001
0000000000000000000000000000000000000001
0000000000000000000000000000000000000001
0000000000000000000000000000000000000001
0000000000000000000000000000000000000001
0000000000000000000000000000000000000001
0000000000000000000000000000000000000001
0000000000000000000000000000000000000001
0000000000000000000000000000000000000001
0000000000000000000000000000000000000001
0000000000000000000000000000000000000001
0000000000000000000000000000000000000001
0000000000000000000000000000000000000001
0000000000000000000000000000000000000001
0000000000000000000000000000000000000001
0000000000000000000000000000000000000001
0000000000000000000000000000000000000001
0000000000000000000000000000000000000001
0000000000000000000000000000000000000001
0000000000000000000000000000000000000001
0000000000000000000000000000000000000001
0000000000000000000000000000000000000001
0000000000000000000000000000000000000001
0000000000000000000000000000000000000001
0000000000000000000000000000000000000001
0000000000000000000000000000000000000001
0000000000000000000000000000000000000001
0000000000000000000000000000000000000001
0000000000000000000000000000000000000001
0000000000000000000000000000000000000001
0000000000000000000000000000000000000001
0000000000000000000000000000000000000001
0000000000000000000000000000000000000001
0000000000000000000000000000000000000001
0000000000000000000000000000000000000001
0000000000000000000000000000000000000001
0000000000000000000000000000000000000001
0000000000000000000000000000000000000001
0000000000000000000000000000000000000001
0000000000000000000000000000000000000001
0000000000000000000000000000000000000001
0000000000000000000000000000000000000001
0000000000000000000000000000000000000001
0000000000000000000000000000000000000001
0000000000000000000000000000000000000001
0000000000000000000000000000000000000001
0000000000000000000000000000000000000001
0000000000000000000000000000000000000001
0000000000000000000000000000000000000001
0000000000000000000000000000000000000001
0000000000000000000000000000000000000001
0000000000000000000000000000000000000001
0000000000000000000000000000000000000001
0000000000000000000000000000000000000001
0000000000000000000000000000000000000001
0000000000000000000000000000000000000001
0000000000000000000000000000000000000001
0000000000000000000000000000000000000001
0000000000000000000000000000000000000001
0000000000000000000000000000000000000001
0000000000000000000000000000000000000001
0000000000000000000000000000000000000001
0000000000000000000000000000000000000001
0000000000000000000000000000000000000001
0000000000000000000000000000000000000001
0000000000000000000000000000000000000001
0000000000000000000000000000000000000001
0000000000000000000000000000000000000001
0000000000000000000000000000000000000001
0000000000000000000000000000000000000001
0000000000000000000000000000000000000001
0000000000000000000000000000000000000001
0000000000000000000000000000000000000001
0000000000000000000000000000000000000001
0000000000000000000000000000000000000001
0000000000000000000000000000000000000001
0000000000000000000000000000000000000001
0000000000000000000000000000000000000001
0000000000000000000000000000000000000001
0000000000000000000000000000000000000001
0000000000000000000000000000000000000001
0000000000000000000000000000000000000001
0000000000000000000000000000000000000001
0000000000000000000000000000000000000001
0000000000000000000000000000000000000001
0000000000000000000000000000000000000001
0000000000000000000000000000000000000001
0000000000000000000000000000000000000001
0000000000000000000000000000000000000001
0000000000000000000000000000000000000001
0000000000000000000000000000000000000001
0000000000000000000000000000000000000001
0000000000000000000000000000000000000001
0000000000000000000000000000000000000001
0000000000000000000000000000000000000001
0000000000000000000000000000000000000001
0000000000000000000000000000000000000001
0000000000000000000000000000000000000001
0000000000000000000000000000000000000001
0000000000000000000000000000000000000001
0000000000000000000000000000000000000001
0000000000000000000000000000000000000001
0000000000000000000000000000000000000001
0000000000000000000000000000000000000001
0000000000000000000000000000000000000001
0000000000000000000000000000000000000001
0000000000000000000000000000000000000001
0000000000000000000000000000000000000001
0000000000000000000000000000000000000001
0000000000000000000000000000000000000001
0000000000000000000000000000000000000001
0000000000000000000000000000000000000001
0000000000000000000000000000000000000001
0000000000000000000000000000000000000001
0000000000000000000000000000000000000001
0000000000000000000000000000000000000001
0000000000000000000000000000000000000001
0000000000000000000000000000000000000001
0000000000000000000000000000000000000001
0000000000000000000000000000000000000001
0000000000000000000000000000000000000001
0000000000000000000000000000000000000001
0000000000000000000000000000000000000001
0000000000000000000000000000000000000001
0000000000000000000000000000000000000001
0000000000000000000000000000000000000001
0000000000000000000000000000000000000001
0000000000000000000000000000000000000001
0000000000000000000000000000000000000001
0000000000000000000000000000000000000001
0000000000000000000000000000000000000001
0000000000000000000000000000000000000001
0000000000000000000000000000000000000001
0000000000000000000000000000000000000001
0000000000000000000000000000000000000001
0000000000000000000000000000000000000001
